0.116247
0.112721
0.113281
0.114368
0.111021
0.109229
0.108823
0.108902
0.111202
0.110433
0.109971
0.109462
0.112186
0.111302
0.113190
0.112961
0.110088
0.109691
0.109708
0.111810
0.120263
0.110107
0.113149
0.108931
0.119829
0.109431
0.118655
0.118684
0.110866
0.110967
0.110618
0.123583
0.116893
0.116235
0.110077
0.120356
0.112454
0.113594
0.120702
0.119569
0.121624
0.118873
0.115019
0.120820
0.115574
0.120487
0.118152
0.118491
0.115433
0.116714
0.117374
0.112590
0.119300
0.114292
0.114533
0.111105
0.112548
0.113761
0.113195
0.134473
0.119974
0.114128
0.109888
0.110132
0.111730
0.112333
0.111775
0.112997
0.112734
0.120036
0.115222
0.114349
0.111595
0.112451
0.113596
0.112321
0.112413
0.112469
0.118375
0.120156
0.115736
0.112910
0.112879
0.114907
0.111914
0.110800
0.109333
0.111720
0.111677
0.111861
0.117981
0.124814
0.118883
0.120235
0.119336
0.114553
0.120860
0.118371
0.123082
0.109759
0.119952
0.114681
0.109055
0.109806
0.112331
0.109494
0.109654
0.108244
0.110881
0.109495
0.111053
0.109431
0.112214
0.109530
0.109024
0.109096
0.109902
0.109351
0.111707
0.110893
0.109164
0.109152
0.112768
0.110429
0.111182
0.110592
0.110940
0.111131
0.113882
0.113449
0.113319
0.113955
0.118276
0.121207
0.123298
0.129921
0.119081
0.109769
0.118874
0.121135
0.116868
0.127570
0.109194
0.112833
0.110140
0.110319
0.109457
0.112119
0.110011
0.108996
0.109125
0.110420
0.110620
0.116874
0.112960
0.109607
0.112785
0.117041
0.120810
0.118764
0.113221
0.112429
0.111283
0.116145
0.111799
0.111160
0.113142
0.112282
0.115460
0.112502
0.118234
0.120963
0.119318
0.121980
0.120634
0.113673
0.112344
0.115820
0.134424
0.116277
0.117181
0.109845
0.110302
0.111260
0.111236
0.113307
0.111599
0.110535
0.113052
0.110903
0.111093
0.109657
0.109771
0.109811
0.110164
0.110551
0.109226
0.110955
0.110088
0.110001
0.109891
0.106980
0.110785
0.110818
0.109967
0.110891
0.111797
0.109221
0.112447
0.116767
0.110982
0.109565
0.112349
0.110385
0.110574
0.109989
0.125767
0.115906
0.117282
0.115477
0.103673
0.108919
0.109641
0.105932
0.113858
0.127931
0.132750
0.121579
0.120299
0.114945
0.118246
0.108184
0.109935
0.127824
0.115821
0.117452
0.116860
0.115404
0.112714
0.121087
0.126980
0.130208
0.132883
0.129824
0.126920
0.120905
0.117083
0.112853
0.111251
0.115662
0.110734
0.111296
0.118568
0.118754
0.116234
0.109617
0.112178
0.121047
0.108703
0.112014
0.106897
0.107191
0.104228
0.107560
0.105899
0.107372
0.114374
0.108229
0.110632
0.103379
0.106844
0.109513
0.108394
0.109629
0.109028
0.107757
0.105175
0.112136
0.108373
0.105091
0.107294
0.110971
0.110187
0.106755
0.113087
0.112448
0.111964
0.111496
0.109772
0.110722
0.103738
0.109025
0.110150
0.104782
0.104522
0.106586
0.110731
0.106421
0.112341
0.109323
0.109738
0.106946
0.113913
0.108349
0.107524
0.119831
0.115770
0.112096
0.121019
0.114184
0.116818
0.115495
0.111510
0.116883
0.113795
0.113918
0.116807
0.109551
0.109945
0.109324
0.122454
0.114748
0.118803
0.117765
0.113420
0.111074
0.112699
0.114922
0.114368
0.125399
0.125346
0.120707
0.125389
0.122123
0.132242
0.130933
0.119873
0.117020
0.121598
0.120803
0.125355
0.126442
0.118951
0.117625
0.121829
0.117206
0.118759
0.125843
0.136913
0.127853
0.118556
0.127008
0.121024
0.110861
0.111215
0.108151
0.111312
0.112009
0.110799
0.110224
0.104591
0.109370
0.109042
0.107489
0.106954
0.105809
0.107524
0.117248
0.114580
0.114642
0.106210
0.106014
0.106325
0.105845
0.113548
0.114669
0.128398
0.120983
0.127920
0.130032
0.119758
0.119927
0.118003
0.129071
0.110416
0.112807
0.118040
0.121840
0.116583
0.119684
0.112219
0.114103
0.121713
0.120508
0.128529
0.122142
0.123680
0.118098
0.123091
0.123949
0.112626
0.112655
0.118260
0.124234
0.110478
0.110507
0.117310
0.117710
0.114845
0.108442
0.111542
0.105152
0.107538
0.111523
0.109127
0.108778
0.113168
0.108482
0.106633
0.106310
0.109831
0.108003
0.106749
0.107524
0.115435
0.115004
0.117674
0.116220
0.120368
0.118937
0.117024
0.114832
0.113484
0.109219
0.108240
0.112347
0.110246
0.111055
0.109293
0.109402
0.110829
0.110380
0.113298
0.112482
0.108891
0.113786
0.109827
0.108765
0.114514
0.114662
0.115299
0.110065
0.108247
0.109813
0.109914
0.109408
0.109296
0.112592
0.111623
0.114891
0.119176
0.112109
0.113593
0.118045
0.119684
0.113049
0.113903
0.113954
0.108749
0.109956
0.121037
0.121411
0.116938
0.113446
0.109387
0.110111
0.108518
0.108906
0.108903
0.108620
0.110075
0.114235
0.113753
0.112701
0.110940
0.112681
0.114045
0.109218
0.107990
0.113054
0.119332
0.107750
0.111259
0.113317
0.109538
0.110415
0.110034
0.109828
0.108810
0.110494
0.109917
0.109096
0.109277
0.108442
0.108603
0.112874
0.109393
0.109453
0.109601
0.114474
0.109879
0.105685
0.108671
0.107044
0.108123
0.108213
0.109071
0.109166
0.109776
0.106148
0.109088
0.107803
0.105321
0.105789
0.107339
0.106875
0.108621
0.106403
0.106455
0.108483
0.106374
0.107649
0.107624
0.106923
0.117182
0.120914
0.114811
0.119431
0.120103
0.119802
0.109714
0.122008
0.110691
0.109265
0.117975
0.131019
0.124428
0.123072
0.119309
0.122950
0.119217
0.107538
0.111053
0.115030
0.114175
0.113831
0.106766
0.111372
0.110397
0.108026
0.108114
0.109769
0.112038
0.110425
0.110741
0.105759
0.104895
0.106720
0.107537
0.107452
0.111955
0.106048
0.108305
0.105999
0.107825
0.110266
0.108044
0.106647
0.106359
0.107624
0.105540
0.108327
0.111013
0.105169
0.113957
0.108210
0.108073
0.109049
0.108197
0.109222
0.109785
0.105045
0.107622
0.107857
0.107809
0.108669
0.107032
0.110215
0.110116
0.111070
0.110574
0.106923
0.112398
0.106705
0.107601
0.106820
0.107226
0.106129
0.107018
0.104011
0.108322
0.109314
0.108114
0.109705
0.108524
0.108569
0.110590
0.108067
0.109094
0.106385
0.109164
0.108658
0.107644
0.106623
0.106852
0.107150
0.108502
0.107365
0.109833
0.110501
0.106271
0.104926
0.103834
0.107922
0.107317
0.105445
0.110539
0.104692
0.108853
0.106122
0.103915
0.103564
0.104655
0.105218
0.105071
0.105286
0.107099
0.108865
0.105349
0.110426
0.108611
0.105059
0.108360
0.107764
0.105216
0.108051
0.109493
0.105493
0.107339
0.104780
0.105178
0.105641
0.107725
0.106620
0.107195
0.110051
0.107375
0.107981
0.109497
0.106196
0.106657
0.106171
0.110045
0.107464
0.108159
0.105885
0.110217
0.107496
0.110112
0.107822
0.107955
0.108369
0.107976
0.110499
0.107629
0.106139
0.109873
0.110016
0.109435
0.107506
0.107924
0.105880
0.105925
0.108424
0.107154
0.108174
0.107596
0.106404
0.108621
0.108691
0.108792
0.107211
0.108903
0.106880
0.108034
0.105439
0.112380
0.107970
0.108482
0.107358
0.112051
0.114573
0.110722
0.108952
0.111546
0.113141
0.110806
0.120497
0.114010
0.109038
0.109248
0.107295
0.105060
0.107062
0.106308
0.104167
0.107027
0.105548
0.107010
0.106865
0.104085
0.105170
0.104146
0.109577
0.106850
0.108174
0.105564
0.106484
0.107041
0.105368
0.108060
0.107494
0.108809
0.110430
0.107921
0.105654
0.106930
0.105675
0.106839
0.107611
0.108863
0.106406
0.107538
0.111998
0.106670
0.108034
0.104403
0.108767
0.104858
0.107420
0.106771
0.107563
0.105383
0.105479
0.108454
0.107172
0.103668
0.104068
0.105046
0.105681
0.105357
0.108214
0.105331
0.104639
0.109462
0.108102
0.106376
0.108855
0.109477
0.104640
0.106391
0.108502
0.105771
0.107129
0.109964
0.104342
0.107595
0.108528
0.110057
0.108913
0.105219
0.107198
0.107978
0.106409
0.104462
0.105069
0.108178
0.107818
0.107412
0.105781
0.105126
0.105957
0.104794
0.106632
0.104910
0.105270
0.105736
0.106166
0.105371
0.106232
0.106845
0.104829
0.106491
0.106675
0.105578
0.106472
0.104500
0.105753
0.104809
0.107453
0.109507
0.105409
0.106357
0.107572
0.108399
0.105934
0.104414
0.106348
0.113322
0.106707
0.105560
0.111574
0.108651
0.114645
0.108415
0.106813
0.105447
0.105982
0.104346
0.108492
0.107712
0.107104
0.109421
0.107248
0.113717
0.108159
0.108497
0.112760
0.117564
0.108473
0.111009
0.109747
0.111445
0.106663
0.114597
0.116891
0.108224
0.115765
0.119135
0.111803
0.114737
0.113141
0.115406
0.108481
0.114127
0.104236
0.103930
0.105334
0.105936
0.108602
0.111816
0.108964
0.109851
0.104924
0.110817
0.113675
0.106750
0.112717
0.109884
0.110600
0.106593
0.109984
0.107312
0.106575
0.105209
0.105158
0.104983
0.104487
0.104358
0.105921
0.105799
0.105997
0.106770
0.104742
0.106702
0.110955
0.107608
0.105434
0.105674
0.107198
0.104734
0.106509
0.106611
0.109517
0.108751
0.104788
0.109244
0.108485
0.104296
0.106061
0.105269
0.105130
0.104262
0.105928
0.104855
0.108166
0.108273
0.107945
0.105068
0.148897
0.149350
